   0.00000  100.00000
0.05000  99.99992
0.10000  99.99940
0.15000  99.99798
0.20000  99.99521
0.25000  99.99065
0.30000  99.98387
0.35000  99.97443
0.40000  99.96190
0.45000  99.94587
0.50000  99.92593
0.55000  99.90168
0.60000  99.87273
0.65000  99.83869
0.70000  99.79922
0.75000  99.75396
0.80000  99.70256
0.85000  99.64471
0.90000  99.58010
0.95000  99.50844
1.00000  99.42945
1.05000  99.34287
1.10000  99.24847
1.15000  99.14601
1.20000  99.03529
1.25000  98.91612
1.30000  98.78833
1.35000  98.65176
1.40000  98.50629
1.45000  98.35179
1.50000  98.18815
1.55000  98.01531
1.60000  97.83319
1.65000  97.64174
1.70000  97.44094
1.75000  97.23076
1.80000  97.01120
1.85000  96.78229
1.90000  96.54404
1.95000  96.29651
2.00000  96.03976
2.05000  95.77385
2.10000  95.49887
2.15000  95.21492
2.20000  94.92211
2.25000  94.62055
2.30000  94.31038
2.35000  93.99174
2.40000  93.66477
2.45000  93.32963
2.50000  92.98650
2.55000  92.63554
2.60000  92.27694
2.65000  91.91087
2.70000  91.53754
2.75000  91.15714
2.80000  90.76987
2.85000  90.37594
2.90000  89.97555
2.95000  89.56892
3.00000  89.15627
3.05000  88.73780
3.10000  88.31375
3.15000  87.88432
3.20000  87.44974
3.25000  87.01022
3.30000  86.56600
3.35000  86.11728
3.40000  85.66428
3.45000  85.20723
3.50000  84.74634
3.55000  84.28182
3.60000  83.81388
3.65000  83.34275
3.70000  82.86861
3.75000  82.39168
3.80000  81.91216
3.85000  81.43025
3.90000  80.94615
3.95000  80.46004
4.00000  79.97212
4.05000  79.48257
4.10000  78.99157
4.15000  78.49930
4.20000  78.00593
4.25000  77.51163
4.30000  77.01658
4.35000  76.52092
4.40000  76.02482
4.45000  75.52842
4.50000  75.03189
4.55000  74.53536
4.60000  74.03898
4.65000  73.54287
4.70000  73.04718
4.75000  72.55203
4.80000  72.05754
4.85000  71.56384
4.90000  71.07104
4.95000  70.57926
5.00000  70.08859
5.05000  69.59915
5.10000  69.11104
5.15000  68.62434
5.20000  68.13916
5.25000  67.65559
5.30000  67.17370
5.35000  66.69358
5.40000  66.21531
5.45000  65.73896
5.50000  65.26461
5.55000  64.79232
5.60000  64.32217
5.65000  63.85420
5.70000  63.38848
5.75000  62.92507
5.80000  62.46402
5.85000  62.00537
5.90000  61.54919
5.95000  61.09550
6.00000  60.64436
6.05000  60.19581
6.10000  59.74988
6.15000  59.30660
6.20000  58.86601
6.25000  58.42815
6.30000  57.99303
6.35000  57.56068
6.40000  57.13114
6.45000  56.70441
6.50000  56.28053
6.55000  55.85950
6.60000  55.44136
6.65000  55.02610
6.70000  54.61375
6.75000  54.20431
6.80000  53.79781
6.85000  53.39423
6.90000  52.99360
6.95000  52.59592
7.00000  52.20119
7.05000  51.80942
7.10000  51.42061
7.15000  51.03476
7.20000  50.65186
7.25000  50.27193
7.30000  49.89495
7.35000  49.52092
7.40000  49.14984
7.45000  48.78171
7.50000  48.41651
7.55000  48.05425
7.60000  47.69490
7.65000  47.33847
7.70000  46.98495
7.75000  46.63432
7.80000  46.28657
7.85000  45.94170
7.90000  45.59970
7.95000  45.26054
8.00000  44.92422
8.05000  44.59073
8.10000  44.26004
8.15000  43.93215
8.20000  43.60704
8.25000  43.28470
8.30000  42.96511
8.35000  42.64826
8.40000  42.33413
8.45000  42.02270
8.50000  41.71395
8.55000  41.40788
8.60000  41.10445
8.65000  40.80366
8.70000  40.50549
8.75000  40.20992
8.80000  39.91693
8.85000  39.62650
8.90000  39.33862
8.95000  39.05327
9.00000  38.77042
9.05000  38.49006
9.10000  38.21217
9.15000  37.93673
9.20000  37.66372
9.25000  37.39313
9.30000  37.12493
9.35000  36.85911
9.40000  36.59564
9.45000  36.33450
9.50000  36.07569
9.55000  35.81917
9.60000  35.56493
9.65000  35.31295
9.70000  35.06322
9.75000  34.81570
9.80000  34.57038
9.85000  34.32725
9.90000  34.08628
9.95000  33.84746
10.00000  33.61076
10.05000  33.37617
10.10000  33.14366
10.15000  32.91323
10.20000  32.68485
10.25000  32.45849
10.30000  32.23416
10.35000  32.01181
10.40000  31.79145
10.45000  31.57304
10.50000  31.35657
10.55000  31.14203
10.60000  30.92939
10.65000  30.71863
10.70000  30.50975
10.75000  30.30271
10.80000  30.09751
10.85000  29.89413
10.90000  29.69254
10.95000  29.49274
11.00000  29.29470
11.05000  29.09840
11.10000  28.90384
11.15000  28.71100
11.20000  28.51985
11.25000  28.33038
11.30000  28.14258
11.35000  27.95642
11.40000  27.77190
11.45000  27.58900
11.50000  27.40769
11.55000  27.22798
11.60000  27.04983
11.65000  26.87324
11.70000  26.69818
11.75000  26.52465
11.80000  26.35263
11.85000  26.18211
11.90000  26.01306
11.95000  25.84548
12.00000  25.67935
12.05000  25.51466
12.10000  25.35138
12.15000  25.18952
12.20000  25.02905
12.25000  24.86996
12.30000  24.71224
12.35000  24.55587
12.40000  24.40084
12.45000  24.24713
12.50000  24.09474
12.55000  23.94365
12.60000  23.79385
12.65000  23.64532
12.70000  23.49805
12.75000  23.35203
12.80000  23.20725
12.85000  23.06369
12.90000  22.92135
12.95000  22.78020
13.00000  22.64025
13.05000  22.50147
13.10000  22.36386
13.15000  22.22740
13.20000  22.09208
13.25000  21.95789
13.30000  21.82482
13.35000  21.69286
13.40000  21.56200
13.45000  21.43222
13.50000  21.30352
13.55000  21.17589
13.60000  21.04931
13.65000  20.92377
13.70000  20.79927
13.75000  20.67579
13.80000  20.55332
13.85000  20.43186
13.90000  20.31139
13.95000  20.19191
14.00000  20.07340
14.05000  19.95585
14.10000  19.83926
14.15000  19.72362
14.20000  19.60891
14.25000  19.49513
14.30000  19.38227
14.35000  19.27031
14.40000  19.15926
14.45000  19.04910
14.50000  18.93982
14.55000  18.83142
14.60000  18.72388
14.65000  18.61720
14.70000  18.51136
14.75000  18.40637
14.80000  18.30221
14.85000  18.19888
14.90000  18.09636
14.95000  17.99465
15.00000  17.89374
15.05000  17.79363
15.10000  17.69430
15.15000  17.59574
15.20000  17.49796
15.25000  17.40094
15.30000  17.30468
15.35000  17.20916
15.40000  17.11439
15.45000  17.02035
15.50000  16.92704
15.55000  16.83444
15.60000  16.74256
15.65000  16.65139
15.70000  16.56092
15.75000  16.47114
15.80000  16.38205
15.85000  16.29363
15.90000  16.20589
15.95000  16.11882
16.00000  16.03241
16.05000  15.94665
16.10000  15.86154
16.15000  15.77708
16.20000  15.69325
16.25000  15.61005
16.30000  15.52748
16.35000  15.44552
16.40000  15.36418
16.45000  15.28345
16.50000  15.20331
16.55000  15.12377
16.60000  15.04483
16.65000  14.96647
16.70000  14.88868
16.75000  14.81147
16.80000  14.73484
16.85000  14.65876
16.90000  14.58324
16.95000  14.50828
17.00000  14.43386
17.05000  14.35999
17.10000  14.28666
17.15000  14.21386
17.20000  14.14158
17.25000  14.06984
17.30000  13.99861
17.35000  13.92789
17.40000  13.85768
17.45000  13.78798
17.50000  13.71878
17.55000  13.65008
17.60000  13.58186
17.65000  13.51414
17.70000  13.44689
17.75000  13.38013
17.80000  13.31383
17.85000  13.24801
17.90000  13.18265
17.95000  13.11776
18.00000  13.05332
18.05000  12.98933
18.10000  12.92580
18.15000  12.86270
18.20000  12.80005
18.25000  12.73784
18.30000  12.67606
18.35000  12.61471
18.40000  12.55379
18.45000  12.49328
18.50000  12.43320
18.55000  12.37353
18.60000  12.31427
18.65000  12.25542
18.70000  12.19697
18.75000  12.13893
18.80000  12.08128
18.85000  12.02402
18.90000  11.96715
18.95000  11.91067
19.00000  11.85458
19.05000  11.79886
19.10000  11.74352
19.15000  11.68856
19.20000  11.63396
19.25000  11.57973
19.30000  11.52587
19.35000  11.47236
19.40000  11.41922
19.45000  11.36643
19.50000  11.31399
19.55000  11.26189
19.60000  11.21015
19.65000  11.15875
19.70000  11.10768
19.75000  11.05696
19.80000  11.00657
19.85000  10.95651
19.90000  10.90678
19.95000  10.85737
20.00000  10.80829
20.05000  10.75953
20.10000  10.71108
20.15000  10.66296
20.20000  10.61514
20.25000  10.56763
20.30000  10.52043
20.35000  10.47354
20.40000  10.42695
20.45000  10.38066
20.50000  10.33466
20.55000  10.28896
20.60000  10.24355
20.65000  10.19843
20.70000  10.15360
20.75000  10.10906
20.80000  10.06480
20.85000  10.02082
20.90000  9.97712
20.95000  9.93369
21.00000  9.89054
21.05000  9.84766
21.10000  9.80504
21.15000  9.76270
21.20000  9.72062
21.25000  9.67881
21.30000  9.63725
21.35000  9.59595
21.40000  9.55491
21.45000  9.51413
21.50000  9.47360
21.55000  9.43332
21.60000  9.39328
21.65000  9.35350
21.70000  9.31396
21.75000  9.27466
21.80000  9.23560
21.85000  9.19678
21.90000  9.15820
21.95000  9.11985
22.00000  9.08174
22.05000  9.04386
22.10000  9.00621
22.15000  8.96878
22.20000  8.93158
22.25000  8.89461
22.30000  8.85786
22.35000  8.82133
22.40000  8.78502
22.45000  8.74893
22.50000  8.71305
22.55000  8.67739
22.60000  8.64194
22.65000  8.60670
22.70000  8.57167
22.75000  8.53684
22.80000  8.50223
22.85000  8.46781
22.90000  8.43360
22.95000  8.39960
23.00000  8.36579
23.05000  8.33218
23.10000  8.29877
23.15000  8.26555
23.20000  8.23252
23.25000  8.19969
23.30000  8.16705
23.35000  8.13460
23.40000  8.10234
23.45000  8.07026
23.50000  8.03837
23.55000  8.00666
23.60000  7.97514
23.65000  7.94380
23.70000  7.91263
23.75000  7.88165
23.80000  7.85084
23.85000  7.82021
23.90000  7.78975
23.95000  7.75947
24.00000  7.72935
24.05000  7.69941
24.10000  7.66964
24.15000  7.64004
24.20000  7.61060
24.25000  7.58133
24.30000  7.55222
24.35000  7.52328
24.40000  7.49450
24.45000  7.46588
24.50000  7.43742
24.55000  7.40912
24.60000  7.38097
24.65000  7.35298
24.70000  7.32515
24.75000  7.29747
24.80000  7.26995
24.85000  7.24257
24.90000  7.21535
24.95000  7.18828
25.00000  7.16135
25.05000  7.13458
25.10000  7.10795
25.15000  7.08146
25.20000  7.05512
25.25000  7.02893
25.30000  7.00287
25.35000  6.97696
25.40000  6.95119
25.45000  6.92556
25.50000  6.90006
25.55000  6.87470
25.60000  6.84948
25.65000  6.82440
25.70000  6.79945
25.75000  6.77463
25.80000  6.74995
25.85000  6.72540
25.90000  6.70098
25.95000  6.67669
26.00000  6.65252
26.05000  6.62849
26.10000  6.60459
26.15000  6.58081
26.20000  6.55715
26.25000  6.53362
26.30000  6.51022
26.35000  6.48693
26.40000  6.46377
26.45000  6.44074
26.50000  6.41782
26.55000  6.39502
26.60000  6.37234
26.65000  6.34978
26.70000  6.32733
26.75000  6.30500
26.80000  6.28279
26.85000  6.26069
26.90000  6.23871
26.95000  6.21684
27.00000  6.19508
27.05000  6.17344
27.10000  6.15190
27.15000  6.13048
27.20000  6.10916
27.25000  6.08796
27.30000  6.06686
27.35000  6.04587
27.40000  6.02499
27.45000  6.00421
27.50000  5.98354
27.55000  5.96297
27.60000  5.94251
27.65000  5.92215
27.70000  5.90189
27.75000  5.88173
27.80000  5.86168
27.85000  5.84173
27.90000  5.82187
27.95000  5.80212
28.00000  5.78246
28.05000  5.76290
28.10000  5.74344
28.15000  5.72408
28.20000  5.70481
28.25000  5.68564
28.30000  5.66656
28.35000  5.64757
28.40000  5.62868
28.45000  5.60989
28.50000  5.59118
28.55000  5.57257
28.60000  5.55405
28.65000  5.53561
28.70000  5.51727
28.75000  5.49902
28.80000  5.48086
28.85000  5.46278
28.90000  5.44480
28.95000  5.42690
29.00000  5.40908
29.05000  5.39136
29.10000  5.37372
29.15000  5.35616
29.20000  5.33869
29.25000  5.32130
29.30000  5.30400
29.35000  5.28678
29.40000  5.26964
29.45000  5.25258
29.50000  5.23560
29.55000  5.21871
29.60000  5.20189
29.65000  5.18516
29.70000  5.16850
29.75000  5.15193
29.80000  5.13543
29.85000  5.11901
29.90000  5.10267
29.95000  5.08640
30.00000  5.07021
30.05000  5.05410
30.10000  5.03806
30.15000  5.02210
30.20000  5.00621
30.25000  4.99039
30.30000  4.97465
30.35000  4.95898
30.40000  4.94339
30.45000  4.92787
30.50000  4.91242
30.55000  4.89704
30.60000  4.88173
30.65000  4.86649
30.70000  4.85133
30.75000  4.83623
30.80000  4.82120
30.85000  4.80624
30.90000  4.79135
30.95000  4.77653
31.00000  4.76177
31.05000  4.74709
31.10000  4.73247
31.15000  4.71791
31.20000  4.70342
31.25000  4.68900
31.30000  4.67464
31.35000  4.66035
31.40000  4.64612
31.45000  4.63196
31.50000  4.61786
31.55000  4.60382
31.60000  4.58985
31.65000  4.57594
31.70000  4.56209
31.75000  4.54830
31.80000  4.53458
31.85000  4.52092
31.90000  4.50731
31.95000  4.49377
32.00000  4.48029
32.05000  4.46686
32.10000  4.45350
32.15000  4.44020
32.20000  4.42695
32.25000  4.41376
32.30000  4.40064
32.35000  4.38756
32.40000  4.37455
32.45000  4.36159
32.50000  4.34869
32.55000  4.33585
32.60000  4.32306
32.65000  4.31033
32.70000  4.29765
32.75000  4.28503
32.80000  4.27246
32.85000  4.25995
32.90000  4.24749
32.95000  4.23509
33.00000  4.22274
33.05000  4.21044
33.10000  4.19820
33.15000  4.18601
33.20000  4.17387
33.25000  4.16178
33.30000  4.14974
33.35000  4.13776
33.40000  4.12583
33.45000  4.11395
33.50000  4.10211
33.55000  4.09033
33.60000  4.07860
33.65000  4.06692
33.70000  4.05529
33.75000  4.04371
33.80000  4.03217
33.85000  4.02069
33.90000  4.00925
33.95000  3.99786
34.00000  3.98652
34.05000  3.97523
34.10000  3.96399
34.15000  3.95279
34.20000  3.94164
34.25000  3.93053
34.30000  3.91947
34.35000  3.90846
34.40000  3.89749
34.45000  3.88657
34.50000  3.87569
34.55000  3.86486
34.60000  3.85408
34.65000  3.84334
34.70000  3.83264
34.75000  3.82199
34.80000  3.81138
34.85000  3.80081
34.90000  3.79029
34.95000  3.77981
35.00000  3.76937
35.05000  3.75898
35.10000  3.74863
35.15000  3.73832
35.20000  3.72805
35.25000  3.71783
35.30000  3.70764
35.35000  3.69750
35.40000  3.68740
35.45000  3.67734
35.50000  3.66732
35.55000  3.65734
35.60000  3.64740
35.65000  3.63750
35.70000  3.62764
35.75000  3.61782
35.80000  3.60804
35.85000  3.59830
35.90000  3.58860
35.95000  3.57894
36.00000  3.56931
36.05000  3.55973
36.10000  3.55018
36.15000  3.54067
36.20000  3.53120
36.25000  3.52176
36.30000  3.51236
36.35000  3.50300
36.40000  3.49368
36.45000  3.48439
36.50000  3.47514
36.55000  3.46593
36.60000  3.45675
36.65000  3.44761
36.70000  3.43850
36.75000  3.42943
36.80000  3.42040
36.85000  3.41140
36.90000  3.40244
36.95000  3.39351
37.00000  3.38461
37.05000  3.37575
37.10000  3.36693
37.15000  3.35814
37.20000  3.34938
37.25000  3.34066
37.30000  3.33197
37.35000  3.32331
37.40000  3.31469
37.45000  3.30610
37.50000  3.29754
37.55000  3.28902
37.60000  3.28053
37.65000  3.27207
37.70000  3.26364
37.75000  3.25525
37.80000  3.24689
37.85000  3.23856
37.90000  3.23026
37.95000  3.22199
38.00000  3.21376
38.05000  3.20555
38.10000  3.19738
38.15000  3.18924
38.20000  3.18112
38.25000  3.17304
38.30000  3.16499
38.35000  3.15697
38.40000  3.14898
38.45000  3.14102
38.50000  3.13309
38.55000  3.12519
38.60000  3.11732
38.65000  3.10948
38.70000  3.10167
38.75000  3.09389
38.80000  3.08613
38.85000  3.07841
38.90000  3.07071
38.95000  3.06304
39.00000  3.05540
39.05000  3.04779
39.10000  3.04021
39.15000  3.03265
39.20000  3.02513
39.25000  3.01763
39.30000  3.01016
39.35000  3.00271
39.40000  2.99530
39.45000  2.98791
39.50000  2.98054
39.55000  2.97321
39.60000  2.96590
39.65000  2.95862
39.70000  2.95136
39.75000  2.94413
39.80000  2.93693
39.85000  2.92975
39.90000  2.92260
39.95000  2.91548
40.00000  2.90838
40.05000  2.90130
40.10000  2.89425
40.15000  2.88723
40.20000  2.88024
40.25000  2.87326
40.30000  2.86632
40.35000  2.85939
40.40000  2.85250
40.45000  2.84563
40.50000  2.83878
40.55000  2.83195
40.60000  2.82516
40.65000  2.81838
40.70000  2.81163
40.75000  2.80490
40.80000  2.79820
40.85000  2.79152
40.90000  2.78487
40.95000  2.77824
41.00000  2.77163
41.05000  2.76504
41.10000  2.75848
41.15000  2.75194
41.20000  2.74543
41.25000  2.73894
41.30000  2.73247
41.35000  2.72602
41.40000  2.71959
41.45000  2.71319
41.50000  2.70681
41.55000  2.70046
41.60000  2.69412
41.65000  2.68781
41.70000  2.68152
41.75000  2.67525
41.80000  2.66900
41.85000  2.66278
41.90000  2.65657
41.95000  2.65039
42.00000  2.64423
42.05000  2.63809
42.10000  2.63197
42.15000  2.62587
42.20000  2.61980
42.25000  2.61374
42.30000  2.60771
42.35000  2.60169
42.40000  2.59570
42.45000  2.58973
42.50000  2.58377
42.55000  2.57784
42.60000  2.57193
42.65000  2.56604
42.70000  2.56017
42.75000  2.55431
42.80000  2.54848
42.85000  2.54267
42.90000  2.53688
42.95000  2.53111
43.00000  2.52535
43.05000  2.51962
43.10000  2.51390
43.15000  2.50821
43.20000  2.50253
43.25000  2.49688
43.30000  2.49124
43.35000  2.48562
43.40000  2.48002
43.45000  2.47444
43.50000  2.46888
43.55000  2.46333
43.60000  2.45781
43.65000  2.45230
43.70000  2.44681
43.75000  2.44134
43.80000  2.43589
43.85000  2.43046
43.90000  2.42504
43.95000  2.41964
44.00000  2.41426
44.05000  2.40890
44.10000  2.40355
44.15000  2.39823
44.20000  2.39292
44.25000  2.38763
44.30000  2.38235
44.35000  2.37709
44.40000  2.37185
44.45000  2.36663
44.50000  2.36143
44.55000  2.35624
44.60000  2.35107
44.65000  2.34591
44.70000  2.34077
44.75000  2.33565
44.80000  2.33055
44.85000  2.32546
44.90000  2.32039
44.95000  2.31533
45.00000  2.31029
45.05000  2.30527
45.10000  2.30027
45.15000  2.29528
45.20000  2.29030
45.25000  2.28534
45.30000  2.28040
45.35000  2.27548
45.40000  2.27057
45.45000  2.26567
45.50000  2.26079
45.55000  2.25593
45.60000  2.25108
45.65000  2.24625
45.70000  2.24144
45.75000  2.23664
45.80000  2.23185
45.85000  2.22708
45.90000  2.22232
45.95000  2.21758
46.00000  2.21286
46.05000  2.20815
46.10000  2.20345
46.15000  2.19877
46.20000  2.19411
46.25000  2.18946
46.30000  2.18482
46.35000  2.18020
46.40000  2.17559
46.45000  2.17100
46.50000  2.16642
46.55000  2.16186
46.60000  2.15731
46.65000  2.15277
46.70000  2.14825
46.75000  2.14375
46.80000  2.13925
46.85000  2.13477
46.90000  2.13031
46.95000  2.12586
47.00000  2.12142
47.05000  2.11700
47.10000  2.11259
47.15000  2.10819
47.20000  2.10381
47.25000  2.09944
47.30000  2.09509
47.35000  2.09075
47.40000  2.08642
47.45000  2.08210
47.50000  2.07780
47.55000  2.07351
47.60000  2.06924
47.65000  2.06498
47.70000  2.06073
47.75000  2.05649
47.80000  2.05227
47.85000  2.04806
47.90000  2.04386
47.95000  2.03968
48.00000  2.03551
48.05000  2.03135
48.10000  2.02720
48.15000  2.02307
48.20000  2.01895
48.25000  2.01484
48.30000  2.01074
48.35000  2.00666
48.40000  2.00259
48.45000  1.99853
48.50000  1.99448
48.55000  1.99045
48.60000  1.98642
48.65000  1.98241
48.70000  1.97841
48.75000  1.97443
48.80000  1.97045
48.85000  1.96649
48.90000  1.96254
48.95000  1.95860
49.00000  1.95468
49.05000  1.95076
49.10000  1.94686
49.15000  1.94296
49.20000  1.93908
49.25000  1.93522
49.30000  1.93136
49.35000  1.92751
49.40000  1.92368
49.45000  1.91986
49.50000  1.91604
49.55000  1.91224
49.60000  1.90845
49.65000  1.90468
49.70000  1.90091
49.75000  1.89715
49.80000  1.89341
49.85000  1.88968
49.90000  1.88595
49.95000  1.88224
50.00000  1.87854
